s0seccion,total,e16_24_h,e16_24_m,e25_44_h,e25_44_m,e45_64_h,e45_64_m,e_64_h,e_64_m,prima,secundarios,superior,ocup_h,ocup_m,par_h,par_m,inact_h,inact_m
s0105901001,1162,34,43,190,198,158,197,96,120,0.3098982423681776,0.48196114708603144,0.2072155411655874,0.569047619047619,0.5714285714285714,0.1619047619047619,0.12448979591836734,0.40714285714285714,0.44285714285714284
s0105901003,909,33,36,148,155,147,165,44,66,0.36702767749699156,0.4741275571600481,0.15764139590854392,0.6143790849673203,0.6273458445040214,0.21895424836601307,0.13672922252010725,0.38235294117647056,0.3672922252010724
s0105901004,1287,57,54,236,203,211,186,75,94,0.40153452685422,0.46547314578005117,0.1329923273657289,0.5803757828810021,0.5665236051502146,0.23382045929018788,0.17381974248927037,0.3945720250521921,0.41201716738197425
s0105901005,819,30,27,132,127,115,128,50,85,0.3418918918918919,0.4581081081081081,0.2,0.708171206225681,0.5480769230769231,0.16342412451361868,0.1282051282051282,0.40077821011673154,0.5
s0105901007,810,28,37,137,106,135,115,60,82,0.41136671177266576,0.4506089309878214,0.13802435723951287,0.5230263157894737,0.5209790209790209,0.2598684210526316,0.12237762237762238,0.40131578947368424,0.5454545454545454
s0105901008,1248,53,37,195,172,202,155,119,157,0.4017467248908297,0.485589519650655,0.11179039301310044,0.556910569105691,0.48409090909090907,0.16056910569105692,0.13863636363636364,0.43902439024390244,0.5613636363636364
s0105901009,578,20,17,106,87,80,72,49,59,0.42718446601941745,0.40388349514563104,0.1650485436893204,0.4794520547945205,0.5519125683060109,0.2648401826484018,0.1912568306010929,0.4200913242009132,0.5409836065573771
s0105901010,1368,54,62,228,210,215,249,80,111,0.3072100313479624,0.5172413793103449,0.1755485893416928,0.6260330578512396,0.5848056537102474,0.20454545454545456,0.13074204946996468,0.3615702479338843,0.4010600706713781
s0105901012,1073,41,40,133,139,150,186,99,134,0.14772727272727273,0.4690082644628099,0.3822314049586777,0.6542857142857142,0.5961995249406176,0.07428571428571429,0.0831353919239905,0.48,0.505938242280285
s0105901013,845,39,30,92,90,121,144,85,147,0.16751269035532995,0.47715736040609136,0.3553299492385787,0.6056338028169014,0.47411444141689374,0.08450704225352113,0.07084468664850137,0.4964788732394366,0.5749318801089919
s0105901014,1091,33,32,116,133,140,205,110,199,0.23061825318940138,0.492639842983317,0.27674190382728164,0.6169590643274854,0.4711729622266402,0.05847953216374269,0.061630218687872766,0.49122807017543857,0.5984095427435387
s0105901015,970,39,36,113,136,142,159,89,135,0.20735785953177258,0.5228539576365663,0.2686733556298774,0.5975232198142415,0.5530864197530864,0.07739938080495357,0.08395061728395062,0.5108359133126935,0.5135802469135803
s0105901016,748,25,37,74,87,118,133,71,108,0.19624819624819625,0.4574314574314574,0.3463203463203463,0.6208333333333333,0.5188679245283019,0.0875,0.06289308176100629,0.49166666666666664,0.5660377358490566
s0105901017,1639,76,71,166,169,228,288,183,292,0.15151515151515152,0.4842037395228885,0.3623468729851709,0.5749559082892416,0.43513513513513513,0.07407407407407407,0.051351351351351354,0.5026455026455027,0.6216216216216216
s0105901018,1468,60,57,181,188,201,256,135,218,0.1877761413843888,0.4845360824742268,0.3269513991163476,0.5856573705179283,0.49517684887459806,0.08366533864541832,0.08360128617363344,0.4800796812749004,0.5771704180064309
s0105901019,886,30,35,96,116,127,137,100,145,0.32524271844660196,0.4587378640776699,0.21601941747572814,0.5610561056105611,0.5195822454308094,0.09900990099009901,0.0835509138381201,0.504950495049505,0.5274151436031331
s0105901020,1091,40,31,136,125,152,152,134,186,0.4181636726546906,0.45808383233532934,0.12375249500998003,0.4962025316455696,0.43896713615023475,0.13164556962025317,0.11032863849765258,0.5417721518987342,0.6103286384976526
s0105901021,1095,29,31,136,121,125,140,144,246,0.39019607843137255,0.4441176470588235,0.16568627450980392,0.5726027397260274,0.41115702479338845,0.08767123287671233,0.07231404958677685,0.5287671232876713,0.628099173553719
s0105901022,856,26,20,77,83,108,109,137,197,0.32702020202020204,0.4696969696969697,0.2032828282828283,0.4794520547945205,0.3743169398907104,0.0821917808219178,0.08196721311475409,0.6301369863013698,0.6612021857923497
s0105901023,988,35,35,155,119,132,128,91,149,0.41387024608501116,0.4597315436241611,0.12639821029082773,0.558282208588957,0.40641711229946526,0.18098159509202455,0.13903743315508021,0.5276073619631901,0.606951871657754
s0105901024,878,37,28,121,134,110,111,78,129,0.4437340153452685,0.4398976982097187,0.11636828644501279,0.543859649122807,0.4954954954954955,0.16842105263157894,0.1111111111111111,0.5017543859649123,0.6006006006006006
s0105901025,1341,38,35,154,167,167,177,161,255,0.503655564581641,0.4110479285134037,0.08529650690495533,0.58679706601467,0.41397849462365593,0.1198044009779951,0.10752688172043011,0.5647921760391198,0.6146953405017921
s0105901026,1261,48,43,165,152,152,149,156,218,0.48053097345132745,0.42566371681415927,0.09380530973451327,0.531322505800464,0.4472573839662447,0.1345707656612529,0.11181434599156118,0.54292343387471,0.6265822784810127
s0105901027,1301,54,43,175,147,165,166,171,225,0.46166666666666667,0.44333333333333336,0.095,0.463768115942029,0.39960629921259844,0.14699792960662525,0.12007874015748031,0.5590062111801242,0.6240157480314961
s0105901029,1046,41,29,125,137,142,138,121,182,0.5025906735751295,0.42072538860103625,0.0766839378238342,0.48333333333333334,0.4080188679245283,0.15555555555555556,0.13443396226415094,0.5527777777777778,0.6037735849056604
s0105901030,1016,37,38,96,97,99,129,178,232,0.30849947534102834,0.48898216159496327,0.2025183630640084,0.44722222222222224,0.36009174311926606,0.08055555555555556,0.07568807339449542,0.6111111111111112,0.7018348623853211
s0105901031,1042,47,38,98,98,132,148,173,202,0.5352400408580184,0.3748723186925434,0.0898876404494382,0.44584382871536526,0.3787528868360277,0.07304785894206549,0.09006928406466513,0.6146095717884131,0.6535796766743649
s0105901032,943,36,27,106,97,115,110,151,206,0.5416191562143672,0.37628278221208666,0.08209806157354618,0.4462809917355372,0.3641025641025641,0.08539944903581267,0.1076923076923077,0.5922865013774105,0.6564102564102564
s0105901033,1185,25,28,113,107,116,124,251,317,0.5624438454627134,0.3557951482479784,0.08176100628930817,0.3706140350877193,0.28982725527831094,0.07017543859649122,0.05758157389635317,0.6666666666666666,0.7581573896353166
s0105901034,765,19,27,86,77,109,95,119,147,0.546742209631728,0.37960339943342775,0.07365439093484419,0.47368421052631576,0.38311688311688313,0.13333333333333333,0.09090909090909091,0.5614035087719298,0.6493506493506493
s0105901035,1053,30,41,141,144,111,119,158,168,0.5586061246040127,0.3928194297782471,0.048574445617740235,0.5055555555555555,0.36496350364963503,0.14166666666666666,0.145985401459854,0.575,0.6374695863746959
s0105901036,993,26,17,99,110,97,106,213,224,0.5949506037321625,0.33260153677277715,0.07244785949506037,0.35638297872340424,0.28674698795180725,0.10638297872340426,0.10602409638554217,0.6941489361702128,0.708433734939759
s0105901037,741,21,21,90,80,53,70,152,185,0.5489913544668588,0.38472622478386165,0.06628242074927954,0.3763440860215054,0.2808641975308642,0.0931899641577061,0.09567901234567901,0.6630824372759857,0.7222222222222222
s0105901038,893,35,28,80,86,74,100,195,222,0.535924617196702,0.38869257950530034,0.07420494699646643,0.3495702005730659,0.3065326633165829,0.07163323782234957,0.06532663316582915,0.6790830945558739,0.7236180904522613
s0105901039,1222,42,39,145,146,141,185,183,227,0.47560975609756095,0.3980836236933798,0.12630662020905922,0.4933920704845815,0.40925925925925927,0.09030837004405286,0.07407407407407407,0.5418502202643172,0.6222222222222222
s0105902001,1181,59,45,121,128,193,205,102,142,0.16198501872659177,0.50187265917603,0.33239700374531833,0.676923076923077,0.60381861575179,0.07692307692307693,0.06443914081145585,0.4641025641025641,0.5727923627684964
s0105902002,1442,75,83,146,128,229,279,158,164,0.15510812826249068,0.4690529455630127,0.3750932140193885,0.6011560693641619,0.5346358792184724,0.06551059730250482,0.06039076376554174,0.5048169556840078,0.566607460035524
s0105902003,1002,34,48,97,120,142,165,102,182,0.20384204909284953,0.5058697972251868,0.2902881536819637,0.5825545171339563,0.48577680525164113,0.09968847352024922,0.06345733041575492,0.48598130841121495,0.5776805251641138
s0105902004,1586,54,61,170,185,211,250,197,288,0.23725356900067981,0.48810333106730114,0.274643099932019,0.5447761194029851,0.4422535211267606,0.06902985074626866,0.0676056338028169,0.5652985074626866,0.5943661971830986
s0105902005,994,35,38,114,108,155,169,91,164,0.26167209554831705,0.496199782844734,0.24212812160694897,0.5838150289017341,0.5269607843137255,0.07514450867052024,0.056372549019607844,0.48265895953757226,0.5906862745098039
s0105902006,1342,43,48,157,132,192,218,135,252,0.31625300240192156,0.4811849479583667,0.20176140912730184,0.5816091954022988,0.43674176776429807,0.14022988505747128,0.10745233968804159,0.4896551724137931,0.5823223570190641
s0105902008,1181,36,38,109,103,131,153,220,264,0.28507194244604317,0.5,0.21492805755395683,0.4197247706422018,0.37067209775967414,0.07568807339449542,0.054989816700611,0.6422018348623854,0.7107942973523421
s0105902009,937,54,41,96,78,115,134,150,173,0.3469387755102041,0.48072562358276644,0.1712018140589569,0.4712328767123288,0.40789473684210525,0.07397260273972603,0.034210526315789476,0.5917808219178082,0.6789473684210526
s0105902010,1278,42,28,133,124,131,177,226,288,0.3178752107925801,0.48988195615514335,0.19139966273187184,0.4276595744680851,0.37636363636363634,0.06595744680851064,0.06909090909090909,0.6382978723404256,0.6763636363636364
s0105902011,1108,30,30,95,108,103,127,217,292,0.4251668255481411,0.4413727359389895,0.1325071496663489,0.3949367088607595,0.35528942115768464,0.07848101265822785,0.04590818363273453,0.6531645569620254,0.7105788423153693
s0105902012,776,27,15,87,100,90,111,89,147,0.37606837606837606,0.4373219373219373,0.1866096866096866,0.5378151260504201,0.49056603773584906,0.10084033613445378,0.08490566037735849,0.592436974789916,0.5974842767295597
s0105902013,920,42,43,101,104,115,134,125,161,0.314385150812065,0.49303944315545245,0.1925754060324826,0.5432835820895522,0.4177215189873418,0.08059701492537313,0.07848101265822785,0.5194029850746269,0.6227848101265823
s0105902014,1170,40,34,125,103,128,154,200,272,0.4268953068592058,0.45306859205776173,0.11913357400722022,0.45161290322580644,0.32677165354330706,0.07373271889400922,0.08070866141732283,0.6105990783410138,0.7007874015748031
s0105902015,923,26,25,86,98,64,96,181,237,0.5205158264947245,0.40328253223915594,0.07620164126611957,0.3684210526315789,0.3107769423558897,0.08881578947368421,0.08270676691729323,0.7171052631578947,0.7493734335839599
s0105902016,1542,75,69,169,139,278,312,144,170,0.31108052305574674,0.5251204404679972,0.16311080523055746,0.6114081996434938,0.5155993431855501,0.10338680926916222,0.08210180623973727,0.47237076648841353,0.535303776683087
s0105902017,1473,47,67,221,217,241,276,87,109,0.22264437689969604,0.53419452887538,0.24316109422492402,0.7591836734693878,0.6455026455026455,0.1,0.1164021164021164,0.35714285714285715,0.41798941798941797
s0105902018,1416,74,68,162,150,220,284,181,180,0.21354933726067746,0.49263622974963184,0.2930780559646539,0.5067340067340067,0.482484076433121,0.07407407407407407,0.0875796178343949,0.49158249158249157,0.5159235668789809
s0105902019,800,34,54,64,58,126,172,98,105,0.13060686015831136,0.5171503957783641,0.35092348284960423,0.5392857142857143,0.47953216374269003,0.06785714285714285,0.05847953216374269,0.5428571428571428,0.5994152046783626
s0105902020,956,28,47,94,104,132,167,116,151,0.20498301245753114,0.4824462061155153,0.31257078142695355,0.63,0.504739336492891,0.043333333333333335,0.05687203791469194,0.56,0.5497630331753555
s0105902021,1393,45,57,141,142,202,272,197,233,0.2310007524454477,0.5139202407825433,0.255079006772009,0.4943609022556391,0.4563552833078101,0.06954887218045112,0.05972434915773354,0.5357142857142857,0.5620214395099541
s0105902022,695,37,34,73,55,111,142,93,104,0.22488755622188905,0.5262368815592204,0.24887556221889057,0.5102739726027398,0.43729903536977494,0.04452054794520548,0.05787781350482315,0.5205479452054794,0.5819935691318328
s0105902023,1772,121,111,182,156,333,413,165,165,0.17771260997067448,0.5565982404692082,0.2645161290322581,0.6032608695652174,0.5497448979591837,0.0625,0.0778061224489796,0.422554347826087,0.4502551020408163
s0105902024,1381,94,109,137,138,252,312,122,125,0.18562874251497005,0.5142215568862275,0.2986526946107784,0.6134301270417423,0.5232198142414861,0.06170598911070781,0.06656346749226007,0.42286751361161523,0.46904024767801855
s0105902025,1764,188,176,151,140,345,422,96,89,0.13746312684365783,0.46371681415929206,0.3958702064896755,0.6294706723891274,0.5739014647137151,0.0815450643776824,0.08388814913448735,0.40486409155937053,0.4434087882822903
s0105902026,859,36,39,98,103,135,159,73,115,0.2798507462686567,0.486318407960199,0.23134328358208955,0.5864406779661017,0.49171270718232046,0.11864406779661017,0.12430939226519337,0.4542372881355932,0.5331491712707183
s0105902027,889,43,51,77,92,142,175,75,115,0.3060240963855422,0.4674698795180723,0.22650602409638554,0.6472727272727272,0.5345744680851063,0.07272727272727272,0.07180851063829788,0.5054545454545455,0.5452127659574468
s0105902028,949,42,49,123,119,155,135,79,129,0.4376443418013857,0.4376443418013857,0.12471131639722864,0.5958083832335329,0.46437994722955145,0.18862275449101795,0.13984168865435356,0.4101796407185629,0.5356200527704486
s0105902029,806,42,41,101,101,115,128,79,89,0.43673469387755104,0.42448979591836733,0.13877551020408163,0.5957446808510638,0.4901315789473684,0.11347517730496454,0.17763157894736842,0.4858156028368794,0.5131578947368421
s0105902030,1270,117,148,88,84,267,301,40,55,0.23852459016393443,0.5434426229508197,0.21639344262295082,0.7358490566037735,0.6067193675889329,0.07311320754716981,0.09683794466403162,0.39858490566037735,0.45849802371541504
s0105902031,1269,92,86,122,121,230,271,97,107,0.3528428093645485,0.4974916387959866,0.1496655518394649,0.6167023554603854,0.5426356589147286,0.09421841541755889,0.11627906976744186,0.4475374732334047,0.4748062015503876
s0105902032,1430,88,84,130,145,278,310,73,81,0.243993993993994,0.5180180180180181,0.23723723723723725,0.7782805429864253,0.6758893280632411,0.06334841628959276,0.10276679841897234,0.4457013574660634,0.44664031620553357
s0105902033,719,52,37,61,65,95,127,80,102,0.0955223880597015,0.48955223880597015,0.41194029850746267,0.5932203389830508,0.508833922261484,0.09322033898305085,0.053003533568904596,0.5338983050847458,0.607773851590106
s0105902034,1443,77,76,144,136,207,260,189,188,0.1449814126394052,0.47434944237918214,0.379182156133829,0.5613026819923371,0.46519524617996605,0.05172413793103448,0.07130730050933787,0.5689655172413793,0.5840407470288624
s0105902035,1974,101,102,190,183,320,330,209,236,0.15244909190974132,0.468904788112273,0.37644468904788114,0.6707692307692308,0.5027855153203342,0.047692307692307694,0.06824512534818941,0.5430769230769231,0.6142061281337048
s0105902036,1968,83,68,355,363,241,233,49,49,0.21238390092879256,0.5684210526315789,0.21919504643962848,1.155701754385965,1.0436681222707425,0.12280701754385964,0.1572052401746725,0.31798245614035087,0.3558951965065502
s0105902037,2745,104,108,458,466,345,345,46,45,0.20529197080291972,0.5145985401459854,0.27965328467153283,1.26007326007326,1.160220994475138,0.15384615384615385,0.21915285451197053,0.3315018315018315,0.39594843462246776
s0105902038,2002,63,65,434,490,175,146,15,31,0.2645329849771391,0.5545395166557805,0.18027433050293926,1.4207650273224044,1.0468085106382978,0.1912568306010929,0.251063829787234,0.2650273224043716,0.25957446808510637
s0105902039,1640,24,18,454,442,139,96,11,21,0.183399209486166,0.5920948616600791,0.22450592885375495,1.3407407407407408,1.2547945205479452,0.07160493827160494,0.136986301369863,0.1382716049382716,0.18904109589041096
s0105902040,2087,51,52,517,524,197,169,28,35,0.25387365911799764,0.5715137067938022,0.17461263408820024,1.1583011583011582,1.0073937153419594,0.16216216216216217,0.19593345656192238,0.21042471042471042,0.23844731977818853
s0105902041,2591,46,49,765,684,197,183,16,27,0.2084343189529811,0.6093068347067377,0.18225884634028114,1.2159090909090908,1.109546165884194,0.11363636363636363,0.1596244131455399,0.125,0.20657276995305165
s0105902042,1985,49,53,483,511,160,160,22,26,0.2573812580231066,0.5744544287548139,0.1681643132220796,1.2600896860986548,1.0382293762575452,0.1367713004484305,0.21730382293762576,0.2040358744394619,0.2535211267605634
s0105902043,2971,76,74,730,752,232,250,34,34,0.2316916488222698,0.553747323340471,0.2145610278372591,1.2797527047913446,1.020107238605898,0.1947449768160742,0.24664879356568364,0.18238021638330756,0.22117962466487937
s0105902044,1865,30,40,598,583,89,86,4,12,0.1537433155080214,0.6176470588235294,0.22794117647058823,1.2630522088353413,1.0998080614203456,0.0963855421686747,0.16506717850287908,0.08835341365461848,0.11900191938579655
s0105903001,1694,76,67,253,195,219,244,198,267,0.42414664981036665,0.4538558786346397,0.12199747155499367,0.5176651305683564,0.45021645021645024,0.12442396313364056,0.10966810966810966,0.5038402457757296,0.5555555555555556
s0105903002,1247,34,31,153,137,141,152,194,240,0.5231316725978647,0.39412811387900354,0.08274021352313167,0.4652777777777778,0.35051546391752575,0.12037037037037036,0.10309278350515463,0.6226851851851852,0.7010309278350515
s0105903003,1049,27,24,104,105,100,116,227,239,0.5478615071283096,0.38391038696537677,0.06822810590631365,0.345,0.27586206896551724,0.095,0.08735632183908046,0.705,0.7494252873563219
s0105903004,1073,32,28,108,108,130,112,193,243,0.5541082164328658,0.37675350701402804,0.06913827655310621,0.44110275689223055,0.3577981651376147,0.10025062656641603,0.05963302752293578,0.6190476190476191,0.7087155963302753
s0105903005,835,22,24,90,75,85,96,166,190,0.575187969924812,0.3609022556390977,0.06390977443609022,0.3653250773993808,0.3165680473372781,0.1021671826625387,0.09171597633136094,0.6563467492260062,0.7307692307692307
s0105903006,1193,45,40,123,124,157,128,186,262,0.5857400722021661,0.3655234657039711,0.04693140794223827,0.44543429844098,0.3135245901639344,0.111358574610245,0.11270491803278689,0.5812917594654788,0.7090163934426229
s0105903008,733,28,30,99,81,100,91,89,121,0.5365126676602087,0.4143070044709389,0.04918032786885246,0.5413533834586466,0.3655913978494624,0.13533834586466165,0.13620071684587814,0.5112781954887218,0.6559139784946236
s0105903009,880,17,33,88,92,115,106,141,194,0.5873015873015873,0.34798534798534797,0.06471306471306472,0.41214057507987223,0.29815303430079154,0.14696485623003194,0.15567282321899736,0.5942492012779552,0.6675461741424802
s0105903010,697,19,20,81,70,78,75,113,152,0.5654205607476636,0.3878504672897196,0.04672897196261682,0.4793388429752066,0.3176895306859206,0.10330578512396695,0.08303249097472924,0.6198347107438017,0.7436823104693141
s0105903011,1241,39,55,162,141,178,156,129,220,0.5097345132743363,0.4150442477876106,0.0752212389380531,0.5446009389671361,0.39553752535496955,0.13849765258215962,0.10547667342799188,0.5093896713615024,0.6592292089249493
s0105903012,903,17,23,101,85,104,96,168,215,0.5709219858156028,0.3605200945626478,0.06855791962174941,0.4405797101449275,0.3108108108108108,0.09855072463768116,0.07567567567567568,0.591304347826087,0.745945945945946
s0105903013,884,33,31,117,87,111,131,120,152,0.47613219094247244,0.44063647490820074,0.0832313341493268,0.5045317220543807,0.38108882521489973,0.13897280966767372,0.09169054441260745,0.5075528700906344,0.6762177650429799
s0105903014,1690,106,108,194,148,313,365,165,155,0.47029702970297027,0.4214108910891089,0.10829207920792079,0.5238095238095238,0.4772727272727273,0.10224089635854341,0.11363636363636363,0.4635854341736695,0.5113636363636364
s0105903015,1499,46,49,153,149,229,267,233,222,0.5251076040172167,0.4139167862266858,0.06025824964131994,0.4690721649484536,0.3772357723577236,0.09278350515463918,0.0943089430894309,0.5738831615120275,0.6455284552845528
s0105903016,1313,59,66,152,130,225,283,127,130,0.4407894736842105,0.44819078947368424,0.11101973684210527,0.5887096774193549,0.48598130841121495,0.08266129032258064,0.11588785046728972,0.4637096774193548,0.5364485981308411
s0105903017,745,24,26,98,82,96,141,107,99,0.47285714285714286,0.43,0.09714285714285714,0.5137931034482759,0.4340836012861736,0.08620689655172414,0.08681672025723473,0.5206896551724138,0.5980707395498392
s0105903018,1223,34,38,113,121,146,192,223,244,0.4670138888888889,0.4262152777777778,0.10677083333333333,0.4422657952069717,0.3648148148148148,0.06753812636165578,0.07407407407407407,0.6143790849673203,0.662962962962963
s0105903019,1064,40,36,141,110,127,184,152,153,0.4300202839756592,0.45233265720081134,0.11764705882352941,0.45588235294117646,0.46859903381642515,0.10784313725490197,0.10386473429951691,0.5637254901960784,0.5942028985507246
s0105903020,968,25,28,133,108,106,174,156,137,0.41899441340782123,0.4659217877094972,0.11508379888268157,0.45454545454545453,0.4362244897959184,0.06951871657754011,0.08673469387755102,0.5989304812834224,0.6173469387755102
s0105903021,650,24,18,64,63,73,102,124,130,0.41223832528180354,0.4927536231884058,0.09500805152979067,0.36259541984732824,0.4014084507042254,0.07633587786259542,0.05985915492957746,0.648854961832061,0.6408450704225352
s0105903022,726,22,16,89,86,95,115,92,138,0.4570596797671033,0.4264919941775837,0.11499272197962154,0.5169811320754717,0.44126984126984126,0.1018867924528302,0.09841269841269841,0.5056603773584906,0.5873015873015873
s0105903023,1336,38,37,179,163,167,198,179,234,0.4370015948963317,0.4704944178628389,0.09170653907496013,0.5010615711252654,0.42710120068610635,0.1316348195329087,0.10291595197255575,0.5626326963906582,0.5540308747855918
s0105903025,953,37,28,87,90,119,131,170,215,0.3860619469026549,0.4502212389380531,0.16371681415929204,0.3918918918918919,0.35498839907192575,0.08648648648648649,0.06264501160092807,0.6378378378378379,0.6589327146171694
s0105903026,1720,57,56,200,215,257,266,179,282,0.349435382685069,0.479297365119197,0.171267252195734,0.5983193277310924,0.5260930888575458,0.08739495798319327,0.09449929478138223,0.4789915966386555,0.5345557122708039
s0105903027,1279,56,51,138,120,215,264,167,196,0.27925746569814364,0.5302663438256658,0.19047619047619047,0.5073529411764706,0.46362098138747887,0.08455882352941177,0.07106598984771574,0.46691176470588236,0.5329949238578681
s0105903028,1275,44,33,146,142,151,189,211,238,0.4261744966442953,0.44966442953020136,0.12416107382550336,0.4479166666666667,0.3743218806509946,0.10625,0.081374321880651,0.5958333333333333,0.6329113924050633
s0105903029,780,21,40,83,78,126,170,106,102,0.28475935828877,0.5548128342245989,0.16042780748663102,0.477124183006536,0.4972677595628415,0.06862745098039216,0.07103825136612021,0.5522875816993464,0.4972677595628415
s0105903030,868,27,22,117,110,105,98,118,168,0.4981226533166458,0.41051314142678347,0.09011264080100125,0.4444444444444444,0.3727810650887574,0.13271604938271606,0.13609467455621302,0.5555555555555556,0.6686390532544378
s0105903031,739,30,32,111,113,95,80,77,106,0.47717231222385864,0.45949926362297494,0.06332842415316642,0.5358490566037736,0.44014084507042256,0.1660377358490566,0.11971830985915492,0.47924528301886793,0.6056338028169014
s0105903032,1336,51,51,161,142,148,178,208,251,0.5128824476650563,0.3961352657004831,0.09017713365539452,0.43610547667342797,0.3702359346642468,0.1359026369168357,0.09074410163339383,0.5801217038539553,0.6678765880217786
s0105903034,1446,50,43,157,159,230,277,189,193,0.4008941877794337,0.4873323397913562,0.11177347242921014,0.5072202166064982,0.4278523489932886,0.07581227436823104,0.11073825503355705,0.5469314079422383,0.5889261744966443
s0105903035,2440,103,101,431,507,263,268,48,49,0.29307731177362306,0.5467407781707934,0.16018191005558363,1.1704312114989732,0.9771615008156607,0.22381930184804927,0.21533442088091354,0.3408624229979466,0.3164763458401305
s0105903036,2139,56,52,440,437,248,218,55,63,0.2451726155646577,0.5804564072557051,0.1743709771796372,1.2633744855967077,1.0331384015594542,0.13580246913580246,0.17738791423001948,0.2448559670781893,0.290448343079922
s0105903037,1911,36,39,436,458,184,146,25,31,0.2452054794520548,0.5595890410958904,0.1952054794520548,1.3367088607594937,1.188118811881188,0.16455696202531644,0.20544554455445543,0.22278481012658227,0.2747524752475248
s0105903038,1914,44,45,461,508,188,180,30,26,0.1756066411238825,0.5683269476372924,0.2547892720306513,1.1595330739299612,1.1007462686567164,0.06420233463035019,0.11194029850746269,0.1828793774319066,0.20335820895522388
s0105903039,2029,60,57,478,470,168,176,19,30,0.2904820766378245,0.5519159456118665,0.15698393077873918,1.2536231884057971,0.945031712473573,0.2971014492753623,0.32558139534883723,0.20048309178743962,0.27906976744186046
s0105903040,1421,11,21,481,439,89,52,8,15,0.1449525452976704,0.6324417601380501,0.22260569456427956,1.2134570765661252,1.1894736842105262,0.06264501160092807,0.08157894736842106,0.09048723897911833,0.11578947368421053
s0105904001,1157,34,40,125,113,135,199,155,241,0.24007386888273316,0.48476454293628807,0.2742382271468144,0.4775,0.4117647058823529,0.065,0.07020872865275142,0.58,0.6432637571157496
s0105904002,877,21,20,89,106,90,127,128,209,0.31076178960096734,0.5187424425634825,0.17049576783555018,0.4602076124567474,0.4420289855072464,0.08304498269896193,0.04106280193236715,0.5916955017301038,0.6328502415458938
s0105904004,1055,35,32,118,107,150,170,119,211,0.2983706720977597,0.49490835030549896,0.20468431771894094,0.5247252747252747,0.38924731182795697,0.09340659340659341,0.1010752688172043,0.5412087912087912,0.6279569892473118
s0105904005,1166,53,51,115,133,175,173,135,181,0.20919324577861162,0.50187617260788,0.2870544090056285,0.5888324873096447,0.5021186440677966,0.09137055837563451,0.05084745762711865,0.5329949238578681,0.586864406779661
s0105904006,1490,95,70,148,164,250,296,174,192,0.322400558269365,0.5038381018841591,0.17376133984647593,0.5199335548172758,0.48104956268221577,0.09634551495016612,0.0597667638483965,0.49169435215946844,0.5116618075801749
s0105904007,1246,46,38,180,154,178,177,136,201,0.3913419913419913,0.45714285714285713,0.1497835497835498,0.5668789808917197,0.5069582504970179,0.12101910828025478,0.08151093439363817,0.4585987261146497,0.5447316103379721
s0105904008,1163,38,45,133,131,155,186,138,215,0.3540315106580167,0.4726598702502317,0.17330861909175163,0.5240506329113924,0.4255725190839695,0.10886075949367088,0.08778625954198473,0.5417721518987342,0.5877862595419847
s0105904009,783,19,20,78,84,99,114,108,181,0.330188679245283,0.5013477088948787,0.16846361185983827,0.528957528957529,0.3901098901098901,0.0694980694980695,0.06043956043956044,0.5752895752895753,0.6456043956043956
s0105904010,940,25,37,119,112,105,120,125,196,0.506896551724138,0.3839080459770115,0.10919540229885058,0.48484848484848486,0.39950980392156865,0.12121212121212122,0.08333333333333333,0.5272727272727272,0.6568627450980392
s0105904012,1402,55,66,198,193,179,163,144,219,0.44854673998428907,0.4391201885310291,0.11154752553024352,0.5610766045548654,0.47540983606557374,0.13664596273291926,0.13114754098360656,0.494824016563147,0.5610200364298725
s0105904014,639,23,19,59,48,112,128,89,110,0.45292207792207795,0.4431818181818182,0.1038961038961039,0.5098814229249012,0.426056338028169,0.08695652173913043,0.08098591549295775,0.5217391304347826,0.5669014084507042
s0105904015,952,28,25,118,79,159,196,140,144,0.40765027322404374,0.473224043715847,0.11912568306010929,0.4681372549019608,0.3684210526315789,0.1053921568627451,0.0645933014354067,0.5171568627450981,0.6291866028708134
s0105904016,1487,58,48,175,155,227,304,193,219,0.3928067700987306,0.4717912552891396,0.13540197461212977,0.5351170568561873,0.4145616641901932,0.061872909698996656,0.10698365527488855,0.49498327759197325,0.5572065378900446
s0105904017,1218,41,45,133,122,197,258,149,165,0.329004329004329,0.5064935064935064,0.1645021645021645,0.5106837606837606,0.48314606741573035,0.09188034188034189,0.0898876404494382,0.5085470085470085,0.5318352059925093
s0105904018,970,40,49,102,117,166,220,85,94,0.38827433628318586,0.4834070796460177,0.12831858407079647,0.5756676557863502,0.5056947608200456,0.08011869436201781,0.13211845102505695,0.5103857566765578,0.45558086560364464
s0105904019,1037,58,59,86,115,203,247,96,100,0.3557114228456914,0.49198396793587174,0.1523046092184369,0.5955882352941176,0.5093167701863354,0.07598039215686274,0.09109730848861283,0.41421568627450983,0.4782608695652174
s0105904020,1106,75,68,118,98,232,261,70,71,0.3384321223709369,0.5124282982791587,0.1491395793499044,0.6194895591647331,0.579064587973274,0.09976798143851508,0.08685968819599109,0.42923433874709976,0.44320712694877507
s0105904021,1187,61,56,110,103,230,275,130,150,0.40242844752818735,0.45793581960104074,0.1396357328707719,0.5338809034907598,0.44244604316546765,0.09240246406570841,0.0737410071942446,0.46406570841889117,0.5341726618705036
s0105904022,1086,55,48,124,94,177,204,128,159,0.44509232264334303,0.4402332361516035,0.11467444120505345,0.542528735632184,0.38293216630196936,0.08275862068965517,0.10940919037199125,0.48735632183908045,0.612691466083151
s0105904023,920,41,53,166,129,104,101,82,100,0.4890776699029126,0.4405339805825243,0.0703883495145631,0.5214723926380368,0.4738562091503268,0.17484662576687116,0.16666666666666666,0.50920245398773,0.6111111111111112
s0105904024,873,21,20,107,91,105,140,139,145,0.5307402760351317,0.38017565872020076,0.0890840652446675,0.4728434504792332,0.3485714285714286,0.09904153354632587,0.12571428571428572,0.6166134185303515,0.6571428571428571
s0105904025,1852,77,76,210,197,268,285,222,317,0.4674351585014409,0.4069164265129683,0.1256484149855908,0.5402985074626866,0.4322250639386189,0.1044776119402985,0.09974424552429667,0.5149253731343284,0.5869565217391305
s0105904026,1175,28,37,121,115,130,147,207,272,0.5077062556663645,0.386219401631913,0.10607434270172257,0.4413145539906103,0.33528265107212474,0.07276995305164319,0.08576998050682261,0.6267605633802817,0.6920077972709552
s0105904027,776,26,28,103,93,110,115,92,121,0.4560669456066946,0.39330543933054396,0.1492329149232915,0.5120274914089347,0.4627831715210356,0.12714776632302405,0.09061488673139159,0.49828178694158076,0.6019417475728155
s0105904028,1035,46,39,116,104,139,192,155,155,0.4433094994892748,0.44433094994892747,0.11235955056179775,0.45145631067961167,0.39325842696629215,0.07281553398058252,0.08314606741573034,0.5825242718446602,0.6247191011235955
s0105904029,1128,17,23,125,114,121,118,231,287,0.5443396226415095,0.37169811320754714,0.08396226415094339,0.36363636363636365,0.29817444219066935,0.09312638580931264,0.07099391480730223,0.6385809312638581,0.7302231237322515
s0105904031,1609,80,91,199,188,245,260,155,211,0.362849533954727,0.44274300932090543,0.19440745672436752,0.5403087478559176,0.4594594594594595,0.13379073756432247,0.12612612612612611,0.49056603773584906,0.5405405405405406
s0105905001,938,39,42,97,112,142,142,87,107,0.4251497005988024,0.4598802395209581,0.11497005988023952,0.6928571428571428,0.5471698113207547,0.08571428571428572,0.11320754716981132,0.525,0.6069182389937107
s0105905002,1230,54,56,159,127,221,249,107,98,0.4314946619217082,0.46352313167259784,0.10498220640569395,0.6217391304347826,0.5022123893805309,0.10217391304347827,0.13053097345132744,0.45217391304347826,0.5398230088495575
s0105905003,1038,63,59,109,111,196,178,77,110,0.43491735537190085,0.4865702479338843,0.07851239669421488,0.6507936507936508,0.45897435897435895,0.09788359788359788,0.12051282051282051,0.42857142857142855,0.5948717948717949
s0105905004,638,22,25,69,78,81,103,89,78,0.47750865051903113,0.444636678200692,0.07785467128027682,0.502262443438914,0.4155844155844156,0.07239819004524888,0.15584415584415584,0.6063348416289592,0.658008658008658
s0105905005,1137,60,58,158,138,187,203,65,71,0.41239109390125844,0.510164569215876,0.07744433688286544,0.7533512064343163,0.5945945945945946,0.10455764075067024,0.16756756756756758,0.40214477211796246,0.5081081081081081
s0105905006,1214,55,64,190,152,143,147,92,134,0.5239887111947319,0.45343367826904984,0.022577610536218252,0.4986149584487535,0.44591029023746703,0.30193905817174516,0.2691292875989446,0.5290858725761773,0.5963060686015831
s0105905007,1949,112,102,175,229,369,393,140,138,0.4295046271094175,0.49482852476864453,0.07566684812193794,0.6888544891640866,0.5575589459084604,0.07739938080495357,0.11789181692094314,0.46594427244582043,0.5201109570041609
s0105905008,1219,63,59,100,145,257,228,21,26,0.28319405756731664,0.61652739090065,0.09935004642525534,1.0711743772241993,0.9295302013422819,0.1708185053380783,0.2181208053691275,0.3274021352313167,0.38926174496644295
s0105905009,2251,94,80,244,327,415,380,45,48,0.27631578947368424,0.6012145748987854,0.12246963562753037,1.1748971193415638,0.996219281663516,0.1419753086419753,0.24007561436672967,0.32510288065843623,0.34215500945179583
s0105905010,1264,51,57,85,142,297,246,29,37,0.2538860103626943,0.6303972366148531,0.1157167530224525,1.1295681063122924,0.9287925696594427,0.08970099667774087,0.14551083591331268,0.31561461794019935,0.4179566563467492
s0105905011,822,69,70,55,74,172,193,37,36,0.3397190293742018,0.5466155810983397,0.1136653895274585,0.7420494699646644,0.6091205211726385,0.0706713780918728,0.14332247557003258,0.36395759717314485,0.46254071661237783
s0105905012,2057,138,134,171,185,397,459,121,105,0.3120752744380554,0.5426032409827496,0.14532148457919497,0.7324159021406728,0.6205923836389281,0.08256880733944955,0.11847672778561354,0.44954128440366975,0.5063469675599436
s0105905013,1827,117,109,199,201,375,357,60,69,0.2810810810810811,0.554954954954955,0.16396396396396395,0.8253424657534246,0.7371225577264654,0.08904109589041095,0.1261101243339254,0.3715753424657534,0.44404973357015987
s0105905014,1302,45,42,182,188,212,191,53,80,0.26216216216216215,0.5135135135135135,0.22342342342342342,1.0386904761904763,0.8908045977011494,0.06845238095238096,0.10919540229885058,0.35714285714285715,0.4396551724137931
s0105905015,986,54,59,95,94,188,218,70,93,0.3193096008629989,0.48975188781014023,0.19093851132686085,0.6618075801749271,0.5060532687651331,0.09037900874635568,0.09685230024213075,0.43440233236151604,0.5205811138014528
s0105905016,1279,89,76,139,142,240,268,78,77,0.3310696095076401,0.5186757215619694,0.1502546689303905,0.6901098901098901,0.5681818181818182,0.09230769230769231,0.1384297520661157,0.4175824175824176,0.45661157024793386
s0105905017,1512,114,90,168,143,314,335,47,63,0.26879432624113475,0.5560283687943263,0.175177304964539,0.7790697674418605,0.675,0.1065891472868217,0.12884615384615383,0.36046511627906974,0.4096153846153846
s0105905018,829,63,47,82,84,155,185,55,49,0.3767926988265971,0.48239895697522817,0.1395045632333768,0.6830985915492958,0.5474006116207951,0.10211267605633803,0.1345565749235474,0.4647887323943662,0.43425076452599387
s0105905019,1000,32,23,135,124,163,201,109,105,0.46054054054054056,0.44972972972972974,0.08972972972972973,0.5796344647519582,0.4688279301745636,0.08616187989556136,0.13466334164588528,0.4804177545691906,0.5261845386533666
s0105905020,773,34,41,85,74,155,168,49,44,0.3779310344827586,0.5227586206896552,0.0993103448275862,0.7286245353159851,0.6589147286821705,0.06691449814126393,0.13565891472868216,0.4052044609665427,0.4728682170542636
s0105905021,1513,74,80,173,175,279,300,67,67,0.3424460431654676,0.5460431654676259,0.11151079136690648,0.7844827586206896,0.7615894039735099,0.08405172413793104,0.16556291390728478,0.40948275862068967,0.445916114790287
s0105905022,1730,107,102,199,186,302,310,109,98,0.38719898605830166,0.5063371356147022,0.10583016476552598,0.7683823529411765,0.6086956521739131,0.1213235294117647,0.1721014492753623,0.42830882352941174,0.48007246376811596
s0105905023,1439,63,57,151,157,256,214,144,200,0.5364741641337386,0.3951367781155015,0.06838905775075987,0.5972762645914397,0.4821092278719397,0.12840466926070038,0.10546139359698682,0.4688715953307393,0.5951035781544256
s0105905025,1612,67,69,217,212,241,216,120,194,0.4856743535988819,0.45073375262054505,0.06359189378057302,0.7151394422310757,0.5053763440860215,0.16533864541832669,0.15053763440860216,0.4043824701195219,0.5824372759856631
s0105905026,1109,65,53,133,120,218,246,72,74,0.3918525703200776,0.49951503394762364,0.1066925315227934,0.6480186480186481,0.5212264150943396,0.10955710955710955,0.13443396226415094,0.37995337995337997,0.5070754716981132
s0105905027,1990,61,63,222,266,312,280,136,171,0.32471264367816094,0.5436781609195402,0.1310344827586207,0.9609856262833676,0.7541284403669725,0.06776180698151951,0.13211009174311927,0.4722792607802875,0.544954128440367
s0105905028,1742,69,65,225,250,308,281,56,69,0.28617780661907855,0.5691109669046074,0.14471122647631407,1.072072072072072,0.9152173913043479,0.0990990990990991,0.16521739130434782,0.3108108108108108,0.3652173913043478
s0105905029,1689,41,29,289,319,234,185,28,34,0.22730682670667668,0.5746436609152288,0.1972993248312078,1.4229607250755287,1.3859060402684564,0.08761329305135952,0.16778523489932887,0.27794561933534745,0.348993288590604
s0105905030,1317,32,28,209,238,173,155,42,44,0.3059490084985836,0.5316336166194523,0.16241737488196412,1.1915708812260537,1.0681818181818181,0.21839080459770116,0.29924242424242425,0.3371647509578544,0.3939393939393939
s0105905031,1814,49,38,296,310,258,203,92,111,0.2786885245901639,0.5508196721311476,0.17049180327868851,1.0570175438596492,0.9166666666666666,0.07675438596491228,0.12612612612612611,0.39035087719298245,0.44819819819819817
s0105905032,2041,72,66,390,419,225,223,43,51,0.25736620565243534,0.5592303066746843,0.18340348767288034,1.2638888888888888,0.994059405940594,0.11342592592592593,0.1702970297029703,0.3125,0.33861386138613864
s0105905033,1576,43,32,245,263,285,222,22,31,0.29565868263473055,0.5890718562874252,0.11526946107784432,1.2277486910994764,1.1371951219512195,0.11780104712041885,0.21036585365853658,0.21204188481675393,0.3231707317073171
s0105905034,1586,48,33,293,320,181,154,35,38,0.22240527182866557,0.5634266886326195,0.214168039538715,1.3662420382165605,1.2236842105263157,0.09554140127388536,0.19078947368421054,0.31210191082802546,0.3782894736842105
s0105905035,969,17,32,194,212,130,95,18,20,0.21311475409836064,0.6065573770491803,0.18032786885245902,1.2727272727272727,1.0296610169491525,0.08658008658008658,0.13983050847457626,0.19480519480519481,0.3516949152542373
